0,273
0,270
3,2
3,1
3,3
10,5
10,31
10,293
10,35
10,297
10,163
10,33
10,279
11,10
8,13
8,15
35,6
35,5
35,4
35,3
35,2
35,1
35,0
31,3
31,2
31,1
31,0
30,5
30,4
30,3
30,2
30,1
25,4
25,3
25,1
24,3
24,1
12,3
12,2
12,1
11,28
11,25
11,24
11,22
11,21
11,19
11,18
11,15
20,2
20,1
11,13
11,12
11,9
11,7
11,6
11,4
11,3
11,2
20,3
11,1
10,265
19,2
19,1
10,255
19,3
10,253
10,230
10,222
10,211
10,180
10,162
10,119
10,90
10,81
10,80
18,1
10,76
18,3
10,75
14,1
14,3
13,1
10,25
13,3
10,12
10,3
10,2
10,1
9,7
9,6
9,5
9,4
9,3
9,2
